################################################
# ITK-SnAP Label Description File
# File format: 
# IDX   -R-  -G-  -B-  -A--  VIS MSH  LABEL
# Fields: 
#    IDX:   Zero-based index 
#    -R-:   Red color component (0..255)
#    -G-:   Green color component (0..255)
#    -B-:   Blue color component (0..255)
#    -A-:   Label transparency (0.00 .. 1.00)
#    VIS:   Label visibility (0 or 1)
#    IDX:   Label mesh visibility (0 or 1)
#  LABEL:   Label description 
################################################
    0     0    0    0        0  0  0    "Clear Label"
    1   175  204  236        1  1  1    "1A"
    2   196  156  148        1  1  1    "1B"
    3   250  223   99        1  1  1    "1C"
    4   242  206  128        1  1  1    "2A"
    5   142  227  244        1  1  1    "2B"
    6    57  157  229        1  1  1    "2C"
    7   244  226  135        1  1  1    "2D"
    8   255  127   14        1  1  1    "2E"
    9   155  114   96        1  1  1    "3A"
   10   111  202  209        1  1  1    "3B"
   11    23  108  219        1  1  1    "3C"
   12   166  214   52        1  1  1    "3D"
   13   242  191   74        1  1  1    "3E"
   14   221  210  244        1  1  1    "3F"
   15   140   86   75        1  1  1    "4A"
   16    47   83  142        1  1  1    "4B"
   17   107  255  184        1  1  1    "4C"
   18   200  122  253        1  1  1    "4D"
   19   255  210  252        1  1  1    "4E"
   20   239  178   44        1  1  1    "4F"
   21   163  118  244        1  1  1    "4G"
   22   148  103  189        1  1  1    "4H"
   23    94   64   53        1  1  1    "5A"
   24    44  234  163        1  1  1    "5B"
   25     0  255  103        1  1  1    "5C"
   26     4   61  122        1  1  1    "5D"
   27   123   66  205        1  1  1    "5E"
   28   227  119  194        1  1  1    "5F"
   29   198  127    8        1  1  1    "5G"
   30   194   74  244        1  1  1    "5H"
   31   178   25  107        1  1  1    "5J"
   32    35   22   17        1  1  1    "6A"
   33     2  199   87        1  1  1    "6B"
   34    14  183   51        1  1  1    "6C"
   35   209   91    3        1  1  1    "6D"
   36   216  146  221        1  1  1    "6E"
   37   227  118  173        1  1  1    "6F"
   38   226   57  165        1  1  1    "6G"
   39   214  135  144        1  1  1    "6H"
   40   186  127  214        1  1  1    "7A"
   41    44  160   44        1  1  1    "7B"
   42    68  163  115        1  1  1    "7C"
   43   151   44   26        1  1  1    "7D"
   44   228  129   99        1  1  1    "7E"
   45   168   55  149        1  1  1    "7F"
   46   159   64   33        1  1  1    "7G"
   47    80  142  218        1  1  1    "7H"
   48   139   56   65        1  1  1    "7J"
   49   141   56  150        1  1  1    "8A"
   50    42   96   65        1  1  1    "8B"
   51    62  114   55        1  1  1    "8C"
   52   133   74   39        1  1  1    "8D"
   53   252  218  164        1  1  1    "8E"
   54   127   77   45        1  1  1    "8F"
   55   209  156  114        1  1  1    "8G"
   56   169  138  224        1  1  1    "8H"
   57   255  170  170        1  1  1    "8J"
   58   219   63   74        1  1  1    "8K"
   59    79  216   71        1  1  1    "8L"
   60   217   71  199        1  1  1    "9A"
   61    79  110  234        1  1  1    "9B"
   62   167  222  130        1  1  1    "9C"
   63   222   72  133        1  1  1    "9D"
   64   113   63   46        1  1  1    "9E"
   65   102  109  225        1  1  1    "9F"
   66   114   69  217        1  1  1    "9G"
   67   220  131   30        1  1  1    "9H"
   68   239   72  111        1  1  1    "9J"
   69   215  144   49        1  1  1    "9Ka"
   70   209   64  122        1  1  1    "9L"
   71   130   74  195        1  1  1    "10A"
   72    63  202  225        1  1  1    "10B"
   73   225  147  205        1  1  1    "10C"
   74   142   51  142        1  1  1    "10D"
   75   255   99   71        1  1  1    "10E"
   76   214   39   40        1  1  1    "10F"
   77   223   76   39        1  1  1    "10G"
   78   116  228   75        1  1  1    "10H"
   79    49  103   81        1  1  1    "10J"
   80   138   62  220        1  1  1    "11A"
   81   101  146  226        1  1  1    "11B"
   82   160   59  115        1  1  1    "11C"
   83   210   78  205        1  1  1    "11D"
   84    60   21   24        1  1  1    "11E"
   85   128    0    0        1  1  1    "11F"
   86    50  110   43        1  1  1    "11G"
   87    84  173   67        1  1  1    "11H"
   88   136  221  191        1  1  1    "11J"
   89    91   65  166        1  1  1    "11K"
   90   118   83  146        1  1  1    "12A"
   91    65   93  164        1  1  1    "12B"
   92    87   84  156        1  1  1    "12C"
   93   217  145  193        1  1  1    "12D"
   94   129   63  104        1  1  1    "12E"
   95   106  226  150        1  1  1    "12F"
   96   206  227  154        1  1  1    "12G"
   97    82   96   43        1  1  1    "12H"
   98    48   97  167        1  1  1    "12J"
   99    57   84  182        1  1  1    "13A"
  100   211   67  145        1  1  1    "13B"
  101    82  162  125        1  1  1    "13C"
  102   148  166  107        1  1  1    "13D"
  103    95  152  226        1  1  1    "13E"
  104    76  145  170        1  1  1    "13F"
  105   196  225   74        1  1  1    "14A"
  106   221  135  101        1  1  1    "14B"
  107   120  203  230        1  1  1    "14C"
  108    53   98  131        1  1  1    "14D"
  109   133  160   57        1  1  1    "15A"
  110   223  134   47        1  1  1    "15B"
  111   104   70  204        1  1  1    "15C"
  112   151   66   38        1  1  1    "16A"
  113   222  179   76        1  1  1    "16B"
  114   102   69  141        1  1  1    "16C"
  115   154  115   41        1  1  1    "17A"
  116   180  145  214        1  1  1    "17B"
  117   220   73   40        1  1  1    "18A"
  118   189   82  211        1  1  1    "18B"
  119   100   50   43        1  1  1    "9Kb"
